809
834
477
478
307
122
96
102
324
476
809
834
477
478
307
122
96
102
324
476
809
834
477
478
307
122
96
102
324
476
809
834
477
478
307
122
96
102
324
476
809
834
477
478
307
122
96
102
324
476
809
834
477
478
307
122
96
102
324
476
809
834
477
478
307
122
96
102
324
476
809
834
477
478
307
122
96
102
324
476
809
834
477
478
307
122
96
102
324
476
809
834
477
478
307
122
96
102
324
476
809
834
477
478
307
122
96
102
324
476
809
834
477
478
307
122
96
102
324
476
809
834
477
478
307
122
96
102
324
476
809
834
477
478
307
122
96
102
324
476
809
834
477
478
307
122
96
102
324
476
809
834
477
478
307
122
96
102
324
476
809
834
477
478
307
122
96
102
324
476
809
834
477
478
307
122
96
102
324
809
834
477
478
307
122
96
102
324
476
809
834
477
478
307
122
96
102
324
476
809
834
477
478
307
122
96
102
324
476
809
834
477
478
307
122
96
102
324
476
809
834
477
478
307
122
96
102
324
476
809
834
477
478
307
122
96
102
324
476
809
834
477
478
307
122
96
102
324
476
809
834
477
478
307
122
96
102
324
476
809
834
477
478
307
122
96
102
324
476
809
834
477
478
307
122
96
102
324
476
809
834
477
478
307
122
96
102
324
476
809
834
477
478
307
122
96
102
324
476
809
834
477
478
307
122
96
102
324
476
809
834
477
478
307
122
96
102
324
476
809
834
477
478
307
122
96
102
324
476
809
834
477
478
307
122
96
102
324
476
809
834
477
478
307
122
96
102
324
476
809
834
477
478
307
122
96
102
324
476
476
